 72095
16079 16079
33017 33017
16073 16073
16071 16071
16077 16077
16075 16075
48093 48093
06115 06115
06111 06111
06113 06113
01129 01129
46111 46111
40145 40145
02100 02100
40147 40147
19159 19159
39109 39109
19155 19155
39105 39105
19157 19157
39107 39107
19151 19151
39101 39101
19153 19153
39103 39103
72071 72071
40029 40029
40143 40143
48025 48025
40027 40027
22005 22005
13029 13029
22007 22007
06029 06029
46113 46113
06021 06021
40023 40023
06023 06023
06025 06025
06027 06027
72027 72027
27173 27173
27171 27171
51600 51600
33013 33013
21101 21101
21103 21103
21105 21105
21107 21107
21109 21109
32013 32013
32011 32011
51840 51840
32017 32017
32015 32015
32019 32019
26157 26157
42055 42055
26155 26155
42057 42057
12019 12019
42051 42051
26151 26151
42053 42053
12015 12015
12017 12017
12011 12011
42059 42059
12013 12013
51115 51115
46009 46009
55109 55109
51111 51111
51113 51113
46003 46003
46007 46007
53007 53007
46005 46005
17031 17031
17033 17033
48021 48021
17035 17035
05139 05139
05137 05137
05135 05135
05133 05133
05131 05131
72073 72073
46117 46117
54027 54027
26023 26023
05003 05003
26021 26021
05001 05001
26027 26027
26025 26025
05005 05005
12121 12121
12123 12123
05009 05009
12125 12125
12127 12127
48261 48261
20153 20153
01025 01025
01027 01027
01021 01021
01023 01023
01029 01029
72029 72029
37009 37009
37007 37007
37005 37005
37003 37003
37001 37001
48365 48365
36029 36029
42129 42129
48237 48237
36023 36023
36021 36021
36027 36027
36025 36025
48091 48091
42125 42125
48235 48235
72103 72103
48233 48233
51065 51065
48149 48149
48419 48419
48145 48145
48147 48147
48141 48141
48143 48143
01111 01111
01113 01113
01115 01115
01117 01117
01119 01119
45061 45061
13059 13059
45065 45065
45067 45067
13053 13053
13051 13051
13057 13057
13055 13055
72105 72105
01045 01045
40073 40073
37177 37177
37175 37175
37173 37173
37171 37171
37179 37179
08053 08053
08051 08051
08057 08057
08055 08055
08059 08059
54089 54089
31129 31129
31127 31127
31125 31125
31123 31123
31121 31121
18149 18149
54085 54085
37125 37125
18141 18141
18143 18143
18145 18145
18147 18147
72085 72085
37127 37127
37121 37121
29109 29109
46011 46011
05093 05093
72129 72129
29101 29101
29103 29103
37123 37123
29105 29105
29107 29107
72109 72109
55111 55111
55113 55113
55115 55115
55117 55117
48303 48303
55119 55119
34041 34041
46013 46013
48301 48301
48307 48307
72031 72031
54081 54081
48305 48305
06109 06109
06107 06107
06105 06105
06103 06103
06101 06101
46137 46137
55029 55029
19149 19149
39171 39171
19147 19147
39173 39173
19145 19145
39175 39175
19143 19143
55023 55023
19141 19141
72033 72033
54083 54083
40141 40141
30049 30049
22011 22011
22017 22017
41069 41069
46129 46129
06039 06039
06033 06033
06031 06031
06037 06037
06035 06035
27143 27143
16065 16065
27141 27141
16067 16067
27147 27147
16061 16061
27145 27145
16063 16063
51510 51510
27149 27149
51530 51530
39009 39009
16069 16069
72035 72035
21113 21113
21111 21111
21117 21117
21115 21115
48447 48447
21119 21119
56045 56045
32009 32009
32005 32005
32007 32007
32001 32001
32003 32003
42021 42021
26141 26141
42023 42023
26143 26143
42025 42025
26145 26145
42027 42027
12009 12009
42029 42029
26149 26149
12005 12005
12003 12003
12001 12001
51107 51107
51101 51101
72037 72037
51109 51109
05109 05109
05103 05103
05101 05101
05107 05107
05105 05105
13289 13289
13287 13287
51127 51127
13285 13285
13283 13283
13281 13281
46099 46099
48121 48121
30061 30061
48219 48219
48127 48127
53039 53039
30063 30063
26039 26039
05039 05039
49047 49047
05037 05037
12133 12133
05035 05035
26037 26037
05033 05033
26031 26031
05031 05031
26033 26033
49045 49045
48229 48229
20089 20089
20087 20087
20085 20085
30067 30067
20083 20083
20081 20081
49043 49043
01051 01051
46107 46107
01053 01053
01055 01055
01057 01057
01059 01059
49041 49041
36017 36017
37019 37019
13199 13199
36013 36013
36011 36011
13193 13193
37011 37011
13191 13191
37013 37013
13197 13197
37015 37015
13195 13195
37017 37017
48311 48311
48313 48313
48315 48315
48317 48317
48319 48319
48139 48139
48429 48429
48131 48131
48133 48133
48135 48135
48137 48137
13067 13067
36075 36075
13065 13065
13063 13063
13061 13061
13069 13069
13265 13265
13267 13267
13261 13261
13263 13263
72097 72097
13269 13269
45089 45089
40089 40089
48047 48047
48217 48217
48041 48041
48043 48043
40081 40081
26153 26153
40083 40083
40085 40085
40087 40087
20065 20065
37161 37161
20067 20067
37163 37163
20061 20061
37165 37165
20063 20063
37167 37167
36079 36079
20069 20069
48351 48351
72095 72095
08069 08069
08067 08067
08065 08065
45081 45081
08063 08063
08061 08061
31119 31119
31113 31113
31111 31111
31117 31117
31115 31115
48211 48211
08085 08085
08087 08087
18159 18159
08081 08081
26159 26159
08083 08083
18153 18153
18151 18151
08089 08089
18157 18157
18155 18155
51117 51117
72139 72139
29119 29119
29113 29113
29111 29111
29117 29117
29115 29115
51033 51033
55063 55063
51031 51031
54059 54059
55065 55065
51037 51037
55103 55103
18007 18007
55101 55101
55107 55107
55105 55105
51119 51119
51035 51035
72091 72091
55069 55069
48055 48055
48363 48363
38059 38059
02122 02122
29199 29199
17037 17037
19179 19179
39169 39169
17039 17039
19173 19173
39163 39163
19171 19171
39161 39161
19177 19177
39167 39167
19175 19175
39165 39165
22025 22025
22023 22023
22021 22021
06007 06007
06005 06005
72045 72045
06003 06003
06001 06001
06009 06009
51620 51620
02016 02016
02013 02013
16011 16011
39017 39017
16013 16013
39015 39015
16015 16015
27159 27159
16017 16017
39011 39011
16019 16019
27155 27155
27157 27157
27151 27151
27153 27153
21129 21129
21127 21127
48367 48367
21125 21125
21123 21123
22115 22115
21121 21121
22113 22113
46061 46061
40001 40001
12039 12039
42031 42031
46065 46065
22111 22111
46067 46067
42035 42035
12033 12033
42039 42039
12037 12037
40003 40003
12035 12035
51133 51133
51131 51131
51137 51137
51135 51135
40005 40005
51139 51139
16057 16057
31177 31177
40007 40007
72041 72041
13299 13299
22119 22119
13291 13291
13293 13293
13295 13295
51061 51061
13297 13297
12107 12107
12105 12105
12103 12103
12101 12101
02240 02240
12109 12109
26049 26049
05029 05029
26041 26041
05021 05021
26043 26043
05023 05023
26045 26045
05025 05025
26047 26047
05027 05027
20099 20099
48239 48239
20091 20091
20093 20093
20095 20095
20097 20097
13185 13185
13187 13187
13181 13181
13183 13183
72093 72093
01049 01049
13189 13189
12129 12129
36003 36003
36005 36005
36007 36007
36009 36009
45019 45019
05115 05115
05117 05117
05111 05111
05113 05113
48309 48309
05119 05119
48435 48435
48437 48437
48431 48431
48433 48433
48439 48439
72153 72153
53027 53027
48129 48129
72099 72099
48123 48123
30045 30045
26029 26029
48125 48125
13071 13071
13073 13073
13075 13075
13077 13077
13079 13079
13277 13277
13275 13275
13273 13273
13271 13271
45087 45087
45085 45085
45083 45083
13279 13279
18099 18099
18093 18093
18091 18091
08091 08091
18097 18097
18095 18095
48057 48057
40099 40099
48053 48053
48051 48051
40093 40093
40091 40091
40097 40097
40095 40095
20077 20077
20075 20075
37199 37199
20073 20073
20071 20071
37195 37195
37197 37197
37191 37191
37193 37193
20079 20079
08079 08079
48369 48369
08071 08071
08073 08073
08075 08075
08077 08077
18167 18167
28021 28021
18165 18165
18163 18163
18161 18161
28023 28023
18169 18169
08097 08097
08095 08095
08093 08093
19037 19037
28025 28025
08099 08099
29127 29127
48399 48399
29125 29125
16023 16023
29123 29123
28027 28027
29121 29121
51595 51595
20139 20139
29129 29129
16025 16025
16027 16027
35049 35049
35045 35045
35047 35047
35041 35041
35043 35043
48391 48391
48393 48393
55139 55139
72023 72023
55137 55137
20137 20137
55135 55135
55133 55133
55131 55131
31105 31105
31107 31107
31101 31101
31103 31103
31109 31109
37103 37103
72025 72025
39157 39157
19165 19165
39155 39155
19167 19167
27019 27019
19161 19161
39151 39151
19163 19163
27015 27015
27017 27017
27011 27011
19169 19169
27013 27013
53011 53011
55009 55009
51041 51041
55003 55003
51580 51580
37109 37109
55007 55007
55005 55005
22035 22035
22037 22037
22039 22039
06011 06011
06013 06013
06015 06015
06017 06017
06019 06019
51630 51630
02068 02068
02060 02060
06087 06087
27129 27129
16003 16003
39021 39021
16001 16001
39027 39027
16007 16007
39025 39025
16005 16005
27121 27121
27123 27123
16009 16009
27125 27125
27127 27127
48361 48361
21139 21139
21131 21131
21133 21133
21135 21135
21137 21137
12027 12027
12021 12021
12023 12023
46115 46115
19087 19087
12029 12029
46073 46073
42127 42127
30081 30081
42009 42009
46075 46075
06085 06085
42005 42005
46079 46079
42003 42003
42001 42001
42121 42121
42123 42123
51121 51121
48027 48027
46053 46053
40069 40069
48023 48023
12111 12111
12113 12113
12115 12115
12117 12117
12119 12119
40063 40063
26059 26059
17199 17199
17197 17197
26053 26053
17195 17195
26051 26051
17193 17193
26057 26057
17191 17191
26055 26055
48209 48209
48203 48203
40067 40067
48201 48201
48207 48207
48205 48205
17175 17175
17177 17177
17171 17171
40065 40065
17173 17173
01077 01077
01075 01075
17179 17179
01071 01071
51141 51141
48339 48339
48337 48337
48335 48335
48333 48333
48331 48331
48117 48117
48115 48115
48113 48113
48111 48111
40153 40153
40151 40151
48119 48119
36001 36001
48417 48417
48415 48415
13089 13089
13085 13085
13087 13087
13081 13081
13083 13083
26147 26147
13243 13243
13241 13241
13247 13247
13245 13245
36101 36101
13249 13249
48411 48411
36105 36105
36107 36107
34031 34031
48063 48063
48061 48061
48067 48067
48065 48065
48069 48069
20043 20043
20041 20041
20047 20047
20045 20045
37189 37189
37187 37187
20049 20049
37185 37185
37183 37183
37181 37181
01095 01095
01097 01097
01091 01091
34039 34039
01093 01093
01099 01099
18171 18171
18173 18173
18175 18175
18177 18177
18179 18179
54035 54035
54037 54037
54031 54031
54033 54033
54039 54039
29131 29131
29133 29133
29135 29135
29137 29137
29139 29139
18085 18085
18087 18087
18081 18081
18083 18083
18089 18089
48097 48097
31009 31009
40119 40119
35059 35059
31005 31005
06083 06083
31007 31007
35055 35055
31001 31001
35053 35053
31003 31003
35051 35051
06081 06081
45069 45069
40115 40115
55129 55129
11001 11001
48099 48099
55121 55121
55123 55123
55125 55125
55127 55127
28085 28085
28083 28083
28081 28081
31179 31179
48083 48083
51079 51079
19111 19111
39141 39141
19113 19113
39143 39143
19115 19115
39145 39145
19117 19117
27009 27009
19119 19119
27007 27007
27005 27005
27003 27003
27001 27001
30097 30097
51077 51077
49037 49037
51057 51057
39153 39153
49035 49035
51051 51051
49033 49033
02070 02070
51053 51053
27139 27139
19029 19029
39039 39039
16039 16039
19025 19025
27133 27133
16035 16035
27131 27131
19021 19021
27137 27137
19023 19023
27135 27135
51800 51800
51059 51059
12051 12051
12053 12053
12055 12055
39159 39159
12057 12057
12059 12059
42019 42019
46049 46049
46047 46047
42011 42011
46045 46045
42013 42013
46043 46043
42015 42015
46041 46041
42017 42017
51159 51159
48347 48347
51153 51153
51155 51155
51157 51157
48345 48345
48343 48343
21097 21097
21095 21095
21093 21093
21091 21091
48341 48341
55001 55001
21099 21099
26067 26067
05099 05099
26065 26065
26063 26063
26061 26061
02261 02261
26069 26069
17189 17189
17181 17181
17183 17183
17185 17185
17187 17187
01069 01069
17165 17165
17163 17163
17161 17161
01061 01061
01063 01063
01065 01065
01067 01067
49023 49023
48329 48329
48321 48321
48323 48323
48325 48325
48327 48327
48101 48101
48103 48103
48105 48105
48107 48107
48109 48109
48459 48459
13099 13099
13097 13097
13095 13095
13093 13093
13091 13091
48215 48215
36119 36119
13259 13259
48213 48213
13255 13255
13257 13257
13251 13251
13253 13253
37097 37097
48079 48079
48075 48075
48077 48077
48071 48071
48073 48073
24025 24025
53001 53001
24027 24027
24021 24021
20059 20059
24023 24023
20055 20055
20057 20057
24029 24029
20051 20051
20053 20053
01087 01087
01085 01085
01083 01083
01081 01081
53005 53005
40149 40149
01089 01089
72079 72079
05149 05149
72075 72075
72077 72077
18181 18181
18183 18183
05147 05147
54025 54025
54023 54023
54021 54021
55037 55037
54029 54029
53003 53003
30015 30015
30017 30017
30011 30011
30013 30013
31019 31019
31017 31017
35061 35061
31015 31015
30019 30019
31013 31013
31011 31011
15007 15007
15005 15005
48507 48507
15003 15003
30065 30065
15001 15001
15009 15009
51069 51069
39023 39023
23011 23011
28091 28091
23013 23013
28093 28093
23015 23015
28095 28095
23017 23017
31165 31165
23019 23019
28099 28099
31169 31169
54053 54053
02020 02020
39029 39029
55061 55061
19103 19103
27039 27039
19101 19101
51036 51036
19107 19107
55067 55067
19105 19105
27033 27033
51735 51735
27031 27031
19109 19109
27037 27037
27035 27035
55031 55031
27107 27107
27105 27105
27103 27103
27101 27101
29067 29067
27109 27109
39049 39049
16029 16029
72047 72047
19039 19039
39041 39041
16021 16021
39043 39043
19035 19035
39045 39045
19033 19033
39047 39047
19031 19031
51810 51810
33015 33015
48373 48373
72043 72043
12043 12043
12041 12041
12047 12047
48395 48395
12045 12045
12049 12049
72125 72125
33011 33011
46059 46059
46051 46051
01009 01009
46055 46055
46057 46057
37029 37029
51149 51149
72121 72121
13149 13149
51143 51143
29069 29069
51147 51147
56021 56021
51145 51145
33019 33019
21081 21081
48397 48397
21083 21083
02270 02270
21085 21085
21087 21087
21089 21089
51830 51830
26071 26071
26073 26073
26075 26075
26077 26077
26079 26079
42103 42103
51063 51063
17153 17153
48269 48269
17151 17151
46071 46071
17157 17157
17155 17155
48181 48181
05091 05091
17159 17159
05095 05095
05097 05097
46077 46077
36047 36047
13319 13319
13315 13315
13317 13317
13311 13311
13313 13313
48185 48185
17081 17081
42007 42007
17083 17083
17085 17085
17087 17087
17089 17089
05145 05145
42109 42109
05143 05143
05141 05141
49027 49027
48469 48469
48467 48467
48465 48465
45063 45063
48463 48463
48461 48461
20119 20119
20115 20115
20117 20117
20111 20111
20113 20113
36123 36123
36121 36121
13229 13229
48263 48263
48265 48265
48267 48267
13221 13221
13223 13223
13225 13225
13227 13227
55091 55091
40049 40049
55059 55059
40045 40045
40047 40047
40041 40041
40043 40043
48009 48009
48001 48001
48003 48003
48005 48005
48007 48007
20029 20029
24037 24037
24035 24035
24033 24033
24031 24031
20021 20021
20023 20023
20025 20025
20027 20027
24039 24039
13135 13135
13137 13137
13131 13131
13133 13133
55051 55051
40139 40139
13139 13139
55053 55053
72069 72069
72067 72067
72065 72065
56017 56017
72061 72061
54013 54013
54011 54011
54017 54017
54015 54015
54019 54019
48485 48485
48487 48487
38019 38019
48483 48483
38015 38015
38017 38017
05049 05049
38011 38011
38013 38013
05047 05047
48169 48169
30007 30007
31029 31029
30005 30005
30003 30003
30001 30001
31023 31023
56019 56019
31021 31021
31027 31027
31025 31025
30009 30009
55027 55027
51540 51540
23003 23003
23001 23001
23007 23007
31159 31159
23005 23005
28065 28065
28067 28067
23009 23009
28061 28061
28063 28063
27025 27025
27027 27027
27021 27021
27023 27023
27029 27029
51790 51790
40131 40131
55071 55071
55077 55077
19139 19139
55075 55075
19137 19137
19135 19135
55079 55079
19133 19133
40133 40133
19131 19131
40135 40135
50021 50021
50027 50027
50025 50025
40137 40137
02050 02050
13035 13035
72003 72003
27111 27111
27113 27113
27115 27115
27117 27117
27119 27119
40035 40035
28115 28115
19009 19009
39059 39059
28111 28111
28113 28113
19003 19003
39053 39053
19001 19001
39051 39051
19007 19007
39057 39057
19005 19005
39055 39055
02130 02130
12079 12079
12077 12077
12075 12075
12073 12073
12071 12071
51177 51177
49011 49011
51175 51175
51173 51173
51171 51171
49013 49013
51179 51179
51775 51775
42093 42093
51770 51770
49015 49015
46083 46083
46081 46081
46087 46087
49017 49017
46085 46085
49055 49055
46089 46089
49051 49051
49053 49053
72063 72063
02201 02198
21079 21079
21075 21075
21077 21077
21071 21071
21073 21073
26089 26089
26085 26085
26087 26087
26081 26081
26083 26083
21219 21219
17149 17149
21211 21211
05083 05083
21213 21213
05081 05081
21215 21215
05087 05087
21217 21217
05085 05085
21189 21189
13309 13309
21181 21181
13307 13307
21183 21183
13305 13305
21185 21185
13303 13303
21187 21187
13301 13301
12095 12095
17093 17093
12097 12097
17091 17091
12091 12091
17097 17097
12093 12093
17095 17095
17099 17099
12099 12099
48479 48479
48471 48471
48473 48473
48475 48475
48477 48477
55025 55025
20109 20109
20107 20107
20105 20105
20103 20103
20101 20101
51075 51075
55021 55021
51073 51073
48273 48273
13239 13239
48277 48277
48275 48275
13233 13233
13231 13231
13237 13237
13235 13235
41055 41055
41057 41057
41051 41051
01079 01079
41053 41053
40059 40059
44005 44005
40057 40057
44007 44007
08125 08125
41059 41059
08123 08123
44003 44003
08121 08121
48019 48019
29099 29099
29097 29097
48013 48013
29095 29095
48011 48011
29093 29093
48017 48017
29091 29091
48015 48015
24001 24001
20039 20039
24005 24005
20033 20033
24009 24009
20031 20031
20037 20037
20035 20035
37087 37087
13127 13127
37085 37085
13125 13125
37083 37083
13123 13123
37081 37081
13121 13121
40129 40129
37089 37089
13129 13129
72059 72059
72053 72053
72051 72051
72057 72057
72055 72055
72054 72054
54005 54005
54007 54007
54001 54001
54003 54003
48497 48497
48495 48495
48493 48493
38009 38009
38007 38007
48167 48167
38005 38005
38003 38003
38001 38001
30033 30033
30031 30031
30037 30037
30035 30035
30039 30039
18035 18035
18037 18037
18031 18031
18033 18033
48489 48489
18039 18039
72133 72133
29075 29075
31149 31149
29077 29077
29071 29071
29073 29073
28079 28079
28077 28077
28075 28075
29079 29079
28073 28073
23031 23031
31147 31147
27051 27051
40021 40021
27053 27053
27055 27055
27057 27057
27059 27059
50017 50017
19129 19129
50015 50015
50013 50013
50011 50011
55047 55047
19121 19121
55045 55045
19123 19123
55043 55043
19125 19125
50019 50019
19127 19127
35001 35001
31035 31035
35003 35003
31037 31037
35005 35005
31031 31031
35007 35007
31033 31033
35009 35009
31039 31039
48441 48441
46123 46123
48443 48443
46125 46125
48445 48445
46127 46127
39067 39067
19015 19015
39065 39065
19017 19017
39063 39063
19011 19011
39061 39061
19013 19013
19019 19019
39069 39069
48449 48449
51750 51750
28103 28103
28101 28101
39001 39001
39003 39003
72083 72083
45017 45017
12069 12069
01043 01043
12061 12061
12063 12063
12065 12065
12067 12067
51161 51161
51163 51163
51165 51165
51167 51167
51169 51169
29213 29213
48451 48451
51760 51760
29215 29215
48045 48045
29217 29217
49049 49049
46095 46095
46097 46097
46091 46091
46093 46093
21069 21069
21065 21065
21063 21063
21061 21061
72101 72101
48297 48297
26099 26099
26097 26097
26095 26095
26093 26093
26091 26091
56043 56043
30099 30099
46015 46015
56041 56041
72107 72107
17139 17139
31157 31157
21209 21209
17131 17131
21203 21203
17133 17133
21201 21201
17135 17135
21207 21207
17137 17137
21205 21205
21199 21199
21193 21193
21191 21191
21197 21197
21195 21195
12086 12086
12087 12087
12085 12085
12083 12083
12081 12081
12089 12089
17045 17045
17047 17047
36103 36103
17041 17041
17043 17043
20133 20133
20131 20131
17049 17049
20135 20135
13207 13207
36109 36109
13205 13205
13201 13201
13209 13209
36065 36065
48249 48249
48247 48247
48245 48245
48243 48243
48241 48241
45015 45015
41047 41047
08119 08119
41045 41045
45011 45011
41043 41043
45013 45013
41041 41041
08113 08113
08111 08111
08117 08117
08115 08115
41049 41049
20007 20007
29089 29089
20005 20005
46017 46017
20003 20003
20001 20001
13037 13037
29081 29081
29083 29083
29085 29085
20009 20009
29087 29087
24019 24019
24015 24015
24017 24017
24011 24011
24013 24013
13113 13113
37091 37091
13111 13111
37093 37093
13117 13117
37095 37095
13115 13115
12007 12007
40117 40117
37099 37099
13119 13119
36069 36069
40113 40113
40111 40111
09015 09015
48231 48231
46019 46019
54079 54079
54071 54071
09011 09011
54073 54073
54075 54075
54077 54077
38039 38039
09013 09013
38033 38033
38031 38031
54047 54047
38037 38037
38035 38035
54049 54049
34019 34019
30029 30029
55073 55073
34011 34011
30025 30025
34013 34013
30027 30027
34015 34015
30021 30021
34017 34017
30023 30023
54105 54105
18027 18027
54107 54107
18025 18025
54101 54101
18023 18023
54103 54103
18021 18021
54109 54109
18029 18029
38105 38105
38103 38103
51009 51009
38101 38101
23029 23029
28049 28049
29065 29065
29063 29063
29061 29061
28043 28043
23021 23021
23023 23023
23025 23025
28045 28045
23027 23027
02180 02180
02185 02185
51003 51003
02188 02188
01073 01073
51550 51550
27043 27043
27041 27041
27047 27047
27045 27045
53049 53049
27049 27049
24 24003
50001 50001
50003 50003
50005 50005
50007 50007
50009 50009
51570 51570
55055 55055
55057 55057
31041 31041
35013 35013
31043 31043
35011 35011
31045 31045
35017 35017
31047 31047
35015 35015
31049 31049
35019 35019
51680 51680
51683 51683
51685 51685
53043 53043
50023 50023
19061 19061
39071 39071
19063 19063
39073 39073
19065 19065
39075 39075
19067 19067
39077 39077
19069 19069
39079 39079
28133 28133
72141 72141
28135 28135
28139 28139
51199 51199
40013 40013
51195 51195
51197 51197
16049 16049
51191 51191
51193 51193
22081 22081
22083 22083
40011 40011
22085 22085
22087 22087
19095 19095
22089 22089
40017 40017
19097 19097
40015 40015
26035 26035
16043 16043
21059 21059
21053 21053
21051 21051
16041 16041
21057 21057
21055 21055
02220 02220
21237 21237
21235 21235
21233 21233
21231 21231
72081 72081
53045 53045
53047 53047
53041 53041
21239 21239
17129 17129
13321 13321
17123 17123
17121 17121
17127 17127
17125 17125
48179 48179
72087 72087
26135 26135
26137 26137
26131 26131
26133 26133
72089 72089
26139 26139
20125 20125
20127 20127
20121 20121
20123 20123
20129 20129
17057 17057
17055 17055
17053 17053
17051 17051
48383 48383
48381 48381
48187 48187
48387 48387
17059 17059
13211 13211
12131 12131
13217 13217
13219 13219
01041 01041
53035 53035
48259 48259
48251 48251
48253 48253
48255 48255
48257 48257
45007 45007
41071 41071
45005 45005
45003 45003
45001 45001
48039 48039
45009 45009
20011 20011
20013 20013
20015 20015
20017 20017
20019 20019
01047 01047
28117 28117
48225 48225
37069 37069
13109 13109
37065 37065
13105 13105
37067 37067
13107 13107
37061 37061
13101 13101
37063 37063
13103 13103
48221 48221
04009 04009
38025 38025
38027 38027
29185 29185
38021 38021
29187 29187
29186 29186
04001 04001
54063 54063
04003 04003
54061 54061
04005 04005
38029 38029
04007 04007
54065 54065
28119 28119
08105 08105
08107 08107
08101 08101
08103 08103
48059 48059
08109 08109
30059 30059
34009 34009
72149 72149
30051 30051
34003 34003
30053 30053
34001 34001
30055 30055
34007 34007
30057 30057
34005 34005
18013 18013
18011 18011
18017 18017
18015 18015
18019 18019
28055 28055
28057 28057
28051 28051
28053 28053
29053 29053
29051 29051
29057 29057
29055 29055
72039 72039
29059 29059
48385 48385
37119 37119
72019 72019
36015 36015
72017 72017
13213 13213
27079 27079
27077 27077
31185 31185
27075 27075
27073 27073
37139 37139
27071 27071
31183 31183
48481 48481
72013 72013
31053 31053
31051 31051
31057 31057
35029 35029
31055 31055
35027 35027
35025 35025
31059 31059
35023 35023
35021 35021
55083 55083
55081 55081
55087 55087
55085 55085
55089 55089
51690 51690
36019 36019
19073 19073
19071 19071
39089 39089
19077 19077
19075 19075
39085 39085
39087 39087
19079 19079
39081 39081
39083 39083
28129 28129
35057 35057
28125 28125
28123 28123
16083 16083
16081 16081
16087 16087
16085 16085
02150 02150
51610 51610
51187 51187
51185 51185
51183 51183
51181 51181
27095 27095
22093 22093
27097 27097
27091 27091
22097 22097
27093 27093
22099 22099
27099 27099
21045 21045
21047 21047
21041 21041
21043 21043
17203 17203
17201 17201
21049 21049
48033 48033
02232 02230
48035 48035
72005 72005
48037 48037
39033 39033
51678 51678
17117 17117
21221 21221
17115 17115
21223 21223
05059 05059
21225 21225
17111 17111
21227 21227
05055 05055
21229 21229
05057 05057
53055 53055
05051 05051
53053 53053
05053 05053
53051 53051
36099 36099
36097 36097
36095 36095
36093 36093
36091 36091
51670 51670
42087 42087
26127 26127
42085 42085
26125 26125
42083 42083
26123 26123
42081 42081
26121 26121
42089 42089
26129 26129
20151 20151
10005 10005
16047 16047
20155 20155
10001 10001
20157 20157
10003 10003
20159 20159
17063 17063
48423 48423
17061 17061
17067 17067
17065 17065
17069 17069
48421 48421
56029 56029
30077 30077
34021 34021
48427 48427
30075 30075
48425 48425
30073 30073
49057 49057
34025 34025
45033 45033
45031 45031
45037 45037
30071 30071
45035 45035
41065 41065
45039 45039
41067 41067
41061 41061
41063 41063
48283 48283
48281 48281
48287 48287
48285 48285
34029 34029
48289 48289
13179 13179
36077 36077
36071 36071
36073 36073
37079 37079
13171 13171
37077 37077
13173 13173
37075 37075
13175 13175
37073 37073
13177 13177
37071 37071
54057 54057
54055 54055
08009 08009
54051 54051
08005 08005
08007 08007
32021 32021
08001 08001
08003 08003
38051 38051
38053 38053
04019 04019
38055 38055
29197 29197
38057 38057
29195 29195
04012 04012
04013 04013
04011 04011
04017 04017
04015 04015
42117 42117
13005 13005
13007 13007
13001 13001
13003 13003
19183 19183
40009 40009
13009 13009
19181 19181
30043 30043
30041 30041
30047 30047
19187 19187
72007 72007
18009 18009
40101 40101
18005 18005
19185 19185
18001 18001
18003 18003
20205 20205
20207 20207
40103 40103
20201 20201
20203 20203
28029 28029
45091 45091
37133 37133
20209 20209
40105 40105
37107 37107
37105 37105
29049 29049
37101 37101
29045 29045
29047 29047
72049 72049
29041 29041
29510 29510
29043 29043
27069 27069
51515 51515
27061 27061
27063 27063
27065 27065
27067 27067
34037 34037
35039 35039
34035 34035
34033 34033
31069 31069
31067 31067
35031 35031
31065 31065
35033 35033
31063 31063
35035 35035
31061 31061
35037 35037
02090 02090
55099 55099
06089 06089
55015 55015
19191 19191
55095 55095
19193 19193
55097 55097
19195 19195
51023 51023
19197 19197
55093 55093
31085 31085
31087 31087
55017 55017
31081 31081
31083 31083
46037 46037
51025 51025
31089 31089
55011 55011
29181 29181
46035 46035
51027 51027
19049 19049
39099 39099
19047 19047
39097 39097
19045 19045
39095 39095
19043 19043
39093 39093
19041 19041
39091 39091
28159 28159
54069 54069
39149 39149
28151 28151
28153 28153
46031 46031
28155 28155
28157 28157
38023 38023
48379 48379
55019 55019
29189 29189
05129 05129
39147 39147
36059 36059
48049 48049
54067 54067
27087 27087
27085 27085
27083 27083
27081 27081
51730 51730
40061 40061
48371 48371
27089 27089
21031 21031
21033 21033
21035 21035
21037 21037
21039 21039
48377 48377
39111 39111
22047 22047
22041 22041
05123 05123
25027 25027
25025 25025
22049 22049
25023 25023
25021 25021
06065 06065
06067 06067
06061 06061
06063 06063
06069 06069
51640 51640
37169 37169
56015 56015
17101 17101
53069 53069
17103 17103
56011 56011
17105 17105
56013 56013
17107 17107
53063 53063
17109 17109
53061 53061
05045 05045
53067 53067
05043 05043
53065 53065
05041 05041
36089 36089
21149 21149
17145 17145
21145 21145
36081 36081
21147 21147
36083 36083
21141 21141
36085 36085
21143 21143
36087 36087
17147 17147
40075 40075
48291 48291
17141 17141
26113 26113
42091 42091
26111 26111
40077 40077
26117 26117
42095 42095
26115 26115
42097 42097
49019 49019
42099 42099
26119 26119
17143 17143
40071 40071
20143 20143
20141 20141
20147 20147
20145 20145
46135 46135
20149 20149
17079 17079
17075 17075
17077 17077
17071 17071
17073 17073
51019 51019
40079 40079
48413 48413
41019 41019
45029 45029
41011 41011
45025 45025
41013 41013
45027 45027
41015 41015
45021 45021
41017 41017
45023 45023
29211 29211
24045 24045
24043 24043
48299 48299
24041 24041
29219 29219
48295 48295
40031 40031
53025 53025
42133 42133
48293 48293
51045 51045
53013 53013
36067 36067
37049 37049
13169 13169
36063 36063
36061 36061
37043 37043
13163 13163
37041 37041
13161 13161
37047 37047
13167 13167
13165 13165
04027 04027
54041 54041
04025 04025
54043 54043
04023 04023
54045 54045
04021 04021
08019 08019
08017 08017
08015 08015
08013 08013
08011 08011
38043 38043
38041 38041
38047 38047
38045 38045
38049 38049
GEOID GEOID
13017 13017
13015 13015
13013 13013
30109 30109
13011 13011
30107 30107
30105 30105
40019 40019
30103 30103
30101 30101
13019 13019
18079 18079
18071 18071
18073 18073
18075 18075
18077 18077
28033 28033
28037 28037
48189 48189
28039 28039
29039 29039
37131 37131
37137 37137
37135 37135
29031 29031
29033 29033
29035 29035
29037 29037
40037 40037
18105 18105
16037 16037
18107 18107
18101 18101
18103 18103
39035 39035
18109 18109
19027 19027
51071 51071
39037 39037
16033 16033
39031 39031
29145 29145
31079 31079
29147 29147
34023 34023
29141 29141
16031 16031
29143 29143
34027 34027
31071 31071
31073 31073
29149 29149
31075 31075
30079 30079
31077 31077
06099 06099
19189 19189
06091 06091
06093 06093
06095 06095
06097 06097
31097 31097
31095 31095
31093 31093
31091 31091
31099 31099
19059 19059
55039 55039
49021 49021
19051 19051
19053 19053
19055 19055
19057 19057
31141 31141
28149 28149
51740 51740
37111 37111
28141 28141
28147 28147
28145 28145
37113 37113
37031 37031
72131 72131
22125 22125
02170 02170
31143 31143
72135 72135
39135 39135
39137 39137
39131 39131
39133 39133
51720 51720
72137 72137
39139 39139
21023 21023
21021 21021
21027 21027
21025 21025
21029 21029
25019 25019
22055 22055
22053 22053
25013 25013
25011 25011
25017 25017
25015 25015
49025 49025
06077 06077
06075 06075
06073 06073
06071 06071
31145 31145
06079 06079
48271 48271
51650 51650
56007 56007
05079 05079
56005 56005
56003 56003
56001 56001
05073 05073
05071 05071
05077 05077
53031 53031
05075 05075
56009 56009
48183 48183
21159 21159
21157 21157
21155 21155
21153 21153
21151 21151
48279 48279
46121 46121
49003 49003
49001 49001
42069 42069
26109 26109
49005 49005
42065 42065
26105 26105
42067 42067
26107 26107
42061 42061
26101 26101
42063 42063
26103 26103
48359 48359
40107 40107
20179 20179
20177 20177
53033 53033
20175 20175
20173 20173
20171 20171
17009 17009
17001 17001
44009 44009
17003 17003
17005 17005
17007 17007
53075 53075
53077 53077
53071 53071
53073 53073
40051 40051
40055 40055
45051 45051
41003 41003
45053 45053
40033 40033
45055 45055
41007 41007
45057 45057
40053 40053
29203 29203
29201 29201
29207 29207
29205 29205
29209 29209
13157 13157
37055 37055
13155 13155
37057 37057
01019 01019
37051 37051
13151 13151
37053 37053
01015 01015
01017 01017
01011 01011
37059 37059
01013 01013
36053 36053
33009 33009
36057 36057
36055 36055
33003 33003
48409 48409
33001 33001
33007 33007
33005 33005
09007 09007
08029 08029
09005 09005
09003 09003
09001 09001
08023 08023
08021 08021
08027 08027
08025 08025
09009 09009
48175 48175
48177 48177
48171 48171
38079 38079
38077 38077
38075 38075
38073 38073
48407 48407
38071 38071
20195 20195
20197 20197
20191 20191
20193 20193
40025 40025
20199 20199
13023 13023
13021 13021
13027 13027
13025 13025
01121 01121
30111 30111
01123 01123
39005 39005
01125 01125
55013 55013
01127 01127
35028 35028
18069 18069
18063 18063
18061 18061
18067 18067
18065 18065
28005 28005
28001 28001
72009 72009
29029 29029
37129 37129
39007 39007
29023 29023
29021 29021
29027 29027
29025 29025
18117 18117
18115 18115
18113 18113
18111 18111
18119 18119
45077 45077
51007 51007
40123 40123
24510 24510
38095 38095
29157 29157
38097 38097
29155 29155
38091 38091
29153 29153
38093 38093
29151 29151
30069 30069
38099 38099
53057 53057
29159 29159
48087 48087
37115 37115
40125 40125
51005 51005
45079 45079
55141 55141
19083 19083
19081 19081
37117 37117
16059 16059
42037 42037
19085 19085
16055 16055
19089 19089
16051 16051
16053 16053
48375 48375
51710 51710
02164 02164
48199 48199
51087 51087
39127 39127
51085 51085
39125 39125
51083 51083
39123 39123
51081 51081
39121 39121
72015 72015
31155 31155
51089 51089
39129 39129
25005 25005
25007 25007
25001 25001
21019 21019
25003 25003
21017 21017
21015 21015
21013 21013
25009 25009
21011 21011
22063 22063
22067 22067
22065 22065
51001 51001
06043 06043
53029 53029
06041 06041
49009 49009
06047 06047
06045 06045
48389 48389
46119 46119
48197 48197
06049 06049
51660 51660
31153 31153
56033 56033
56031 56031
56037 56037
56035 56035
56039 56039
72001 72001
21169 21169
32031 32031
32033 32033
21163 21163
21161 21161
21167 21167
21165 21165
48195 48195
49031 49031
51049 51049
48355 48355
46029 46029
31151 31151
49039 49039
42079 42079
46025 46025
42077 42077
46027 46027
42075 42075
46021 46021
42073 42073
46023 46023
42071 42071
20169 20169
48349 48349
20161 20161
20163 20163
20165 20165
20167 20167
51043 51043
17019 17019
48353 48353
51590 51590
17013 17013
17011 17011
17017 17017
17015 17015
48193 48193
55035 55035
17167 17167
51047 51047
51017 51017
48491 48491
55033 55033
26005 26005
05065 05065
26007 26007
05067 05067
26001 26001
05061 05061
26003 26003
05063 05063
53009 53009
55049 55049
02282 02282
26009 26009
05069 05069
48505 48505
45049 45049
48501 48501
48503 48503
45043 45043
45041 45041
45047 45047
45045 45045
53023 53023
48499 48499
37021 37021
13141 13141
37023 37023
13143 13143
37025 37025
13145 13145
37027 37027
13147 13147
17113 17113
01007 01007
01005 01005
01003 01003
01001 01001
42107 42107
42105 42105
36049 36049
42101 42101
36045 36045
17169 17169
36041 36041
36043 36043
38069 38069
48165 48165
48163 48163
48161 48161
38061 38061
38063 38063
38065 38065
38067 38067
20187 20187
20185 20185
20183 20183
20181 20181
20189 20189
41037 41037
40039 40039
41035 41035
41033 41033
13039 13039
41031 41031
01133 01133
72151 72151
01131 01131
13031 13031
41039 41039
13033 13033
18057 18057
18055 18055
48095 48095
18053 18053
18051 18051
18059 18059
31163 31163
29017 29017
28019 28019
29015 29015
29013 29013
72127 72127
29011 29011
28015 28015
29019 29019
37159 37159
08035 08035
08037 08037
08031 08031
08033 08033
37151 37151
37153 37153
37155 37155
08039 08039
37157 37157
53037 53037
18123 18123
18121 18121
18127 18127
18125 18125
51520 51520
31161 31161
18129 18129
55041 55041
29163 29163
38087 38087
29161 29161
38085 38085
29167 29167
38083 38083
29165 29165
38081 38081
30095 30095
40121 40121
29169 29169
30091 30091
30093 30093
38089 38089
45059 45059
48453 48453
49007 49007
41009 41009
31167 31167
72123 72123
48457 48457
28161 28161
28163 28163
48455 48455
40127 40127
39013 39013
48031 48031
22101 22101
41001 41001
19099 19099
22107 22107
22109 22109
16045 16045
19091 19091
19093 19093
41005 41005
51700 51700
53021 53021
44001 44001
02110 02110
39113 39113
51091 51091
32510 32510
51093 51093
39117 39117
51095 51095
39115 39115
51097 51097
51099 51099
39119 39119
39019 39019
21009 21009
21001 21001
21003 21003
21005 21005
21007 21007
48357 48357
22077 22077
22071 22071
46103 46103
46101 46101
06059 06059
46105 46105
06055 06055
06057 06057
06051 06051
06053 06053
27165 27165
53017 53017
27167 27167
27161 27161
27163 27163
27169 27169
72117 72117
21175 21175
21177 21177
21171 21171
21173 21173
51067 51067
56025 56025
56027 56027
21179 21179
56023 56023
32027 32027
32023 32023
30087 30087
13153 13153
32029 32029
30085 30085
53015 53015
30083 30083
49029 49029
42049 42049
46039 46039
42043 42043
26163 26163
42041 42041
26161 26161
42047 42047
46033 46033
42045 42045
26165 26165
17027 17027
17025 17025
17023 17023
17021 17021
05125 05125
05127 05127
05121 05121
17029 17029
13159 13159
72145 72145
51820 51820
48081 48081
42115 42115
36051 36051
05011 05011
26017 26017
26015 26015
05015 05015
26013 26013
05017 05017
26011 26011
05019 05019
42111 42111
02290 02290
53019 53019
26019 26019
42113 42113
42033 42033
48227 48227
46063 46063
29229 29229
72147 72147
36113 36113
29221 29221
29223 29223
29225 29225
29227 29227
37033 37033
01039 01039
36111 36111
37037 37037
37035 37035
01033 01033
42119 42119
01031 01031
37039 37039
01037 01037
01035 01035
36117 36117
36039 36039
46069 46069
42131 42131
48191 48191
36031 36031
36033 36033
36115 36115
36035 36035
36037 36037
46109 46109
54099 54099
54093 54093
54091 54091
54097 54097
54095 54095
72011 72011
48153 48153
48151 48151
48157 48157
48155 48155
48085 48085
48405 48405
48159 48159
48401 48401
48403 48403
01107 01107
01105 01105
01103 01103
01101 01101
01109 01109
13049 13049
41021 41021
45075 45075
41023 41023
45073 45073
41025 41025
45071 45071
41027 41027
48089 48089
41029 41029
13043 13043
13045 13045
13047 13047
18041 18041
18043 18043
48223 48223
18045 18045
18047 18047
18049 18049
72143 72143
55078 55078
29001 29001
29003 29003
29005 29005
29007 29007
29009 29009
08041 08041
08043 08043
37149 37149
08045 08045
72115 72115
08047 08047
08049 08049
37143 37143
37141 37141
37147 37147
37145 37145
51013 51013
31139 31139
48173 48173
31137 31137
31131 31131
31133 31133
51015 51015
18139 18139
18135 18135
18137 18137
18131 18131
18133 18133
31173 31173
53059 53059
72113 72113
72111 72111
29179 29179
30089 30089
29175 29175
29177 29177
29171 29171
29173 29173
35006 35006
17119 17119
31175 31175
72119 72119
72021 72021
